108
10
110
113
114
116
11
133
13
144
145
146
148
151
152
153
154
155
156
157
158
159
160
161
162
163
164
165
166
167
168
169
170
171
172
174
175
177
178
179
180
181
182
184
185
186
187
188
189
190
191
192
193
194
195
196
197
198
199
200
201
203
204
205
206
207
208
209
210
211
212
214
215
216
217
218
219
220
221
222
223
224
225
226
227
228
229
22
230
231
232
233
235
236
238
239
23
240
241
242
243
245
247
248
249
250
251
252
253
254
255
258
259
260
261
262
267
268
269
270
271
272
273
274
275
277
278
279
280
281
282
283
284
285
286
287
28
2
3
41
47
4
51
55
60
61
66
67
69
79
7
80
82
86
91
94
95
96
97
9

